epoch:0 0.2060  0.3726  0.2072  0.1072  0.2434  0.2725  0.2158  0.3567  0.3762  0.1880  0.4096  0.5241  0.9356  0.000100
epoch:1 0.2577  0.4405  0.2673  0.1397  0.2870  0.3484  0.2470  0.4033  0.4275  0.2396  0.4556  0.5886  0.7055  0.000100
epoch:2 0.2911  0.4803  0.3021  0.1567  0.3214  0.3826  0.2647  0.4273  0.4511  0.2635  0.4807  0.6049  0.6472  0.000100
epoch:3 0.2966  0.4858  0.3116  0.1664  0.3377  0.4001  0.2712  0.4379  0.4613  0.2701  0.5020  0.6111  0.6169  0.000100
epoch:4 0.3096  0.4999  0.3249  0.1776  0.3553  0.4133  0.2816  0.4546  0.4802  0.2793  0.5165  0.6371  0.5961  0.000100
epoch:5 0.3146  0.5052  0.3334  0.1784  0.3544  0.4249  0.2809  0.4512  0.4770  0.2838  0.5097  0.6307  0.5797  0.000100
epoch:6 0.3171  0.5071  0.3373  0.1844  0.3491  0.4224  0.2872  0.4586  0.4832  0.2884  0.5176  0.6410  0.5675  0.000100
epoch:7 0.3259  0.5207  0.3481  0.1855  0.3662  0.4420  0.2913  0.4660  0.4915  0.2938  0.5267  0.6486  0.5586  0.000100
epoch:8 0.3778  0.5795  0.4033  0.2203  0.4144  0.5043  0.3165  0.5016  0.5281  0.3306  0.5637  0.6915  0.4873  0.000010
epoch:9 0.3812  0.5840  0.4058  0.2242  0.4213  0.5082  0.3177  0.5072  0.5335  0.3346  0.5705  0.6989  0.4688  0.000010
epoch:10 0.3867  0.5911  0.4108  0.2288  0.4268  0.5193  0.3207  0.5092  0.5355  0.3379  0.5732  0.6961  0.4596  0.000010
epoch:11 0.3893  0.5927  0.4168  0.2347  0.4291  0.5219  0.3228  0.5124  0.5382  0.3412  0.5763  0.7033  0.4502  0.000001
